version https://git-lfs.github.com/spec/v1
oid sha256:0f8ee67ce1e8bb46c355cb7974df4953f8a2cd610f4a90138a0c1649957615d0
size 461
