version https://git-lfs.github.com/spec/v1
oid sha256:f3eab6577c02e690194bc50da3959bb2653577a072546fead2d03c2fd2dbf405
size 518
